


order:

svd ngram 1-1
svd ngram 1-2
word2vec raw 2
word2vec raw 5
word2vec tfidf 2
word2vec tfidf 5


l1
       mean       std       min       25%       50%       75%        max
0  0.000172  0.004871 -0.044841 -0.001763 -0.000009  0.001751  0.14458
0  0.000146  0.004668 -0.094084 -0.001763 -0.000009  0.001748  0.148258
0 -0.000215  0.003155 -0.013462 -0.002325 -0.000207  0.001817  0.013416
0  0.000015  0.003127 -0.014296 -0.002113  0.000027  0.00213   0.01398
0  0.000038  0.003095 -0.013007 -0.002126  0.000084  0.002238  0.011287
0  0.000127  0.003143 -0.013324 -0.002072  0.000025  0.0022    0.013276

l2
       mean       std       min       25%       50%       75%        max
0  0.001765  0.049969 -0.368124 -0.018384 -0.000095  0.01825   0.922963
0  0.001538  0.049976 -0.570118 -0.019386 -0.000091  0.019206  0.903649
0 -0.003404  0.049884 -0.215207 -0.036779 -0.003271  0.028742  0.211285
0  0.000241  0.049999 -0.225287 -0.033807  0.00043   0.034075  0.223251
0  0.000615  0.049996 -0.203581 -0.034348  0.001351  0.036146  0.177595
0  0.002016  0.049959 -0.208895 -0.032939  0.000405  0.034982  0.21051

max
       mean       std       min       25%       50%       75%        max
0  0.002705  0.077138 -1.0 	    -0.026389 -0.000135  0.026202  1.0
0  0.002607  0.08783  -1.0 	    -0.030539 -0.000144  0.030237  1.0
0 -0.021766  0.319988 -1.0 	    -0.234459 -0.020795  0.183117  1.0
0  0.001698  0.325458 -1.0 	    -0.21768   0.002758  0.219572  1.0
0  0.003934  0.319116 -1.0 	    -0.218981  0.008606  0.230332  1.0
0  0.013248  0.327613 -1.0      -0.215457  0.00265   0.228489  1.0

none
       mean       std       min       25%       50%       75%        max
0  0.001309  0.036972 -0.32102  -0.013197 -0.000068  0.013103  0.8026
0  0.000775  0.026061 -0.449653 -0.009066 -0.000044  0.008975  0.687126
0 -0.008667  0.137705 -1.054145 -0.098174 -0.008609  0.076452  1.053126
0  0.002123  0.179683 -1.449223 -0.111117  0.001399  0.113193  1.634763
0  0.003381  0.273157 -2.200749 -0.186949  0.00734   0.196114  1.566874
0  0.016914  0.418743 -3.541763 -0.273237  0.003368  0.290562  3.606857